# Burnham and Cushwa snowshoe hare trap layout
# Detector  x  y 
0101 0 0
0201 60.96 0
0301 121.92 0
0401 182.88 0
0501 243.84 0
0601 304.8 0
0701 365.76 0
0801 426.72 0
0901 487.68 0
1001 548.64 0
0102 0 60.96
0202 60.96 60.96
0302 121.92 60.96
0402 182.88 60.96
0502 243.84 60.96
0602 304.8 60.96
0702 365.76 60.96
0802 426.72 60.96
0902 487.68 60.96
1002 548.64 60.96
0103 0 121.92
0203 60.96 121.92
0303 121.92 121.92
0403 182.88 121.92
0503 243.84 121.92
0603 304.8 121.92
0703 365.76 121.92
0803 426.72 121.92
0903 487.68 121.92
1003 548.64 121.92
0104 0 182.88
0204 60.96 182.88
0304 121.92 182.88
0404 182.88 182.88
0504 243.84 182.88
0604 304.8 182.88
0704 365.76 182.88
0804 426.72 182.88
0904 487.68 182.88
1004 548.64 182.88
0105 0 243.84
0205 60.96 243.84
0305 121.92 243.84
0405 182.88 243.84
0505 243.84 243.84
0605 304.8 243.84
0705 365.76 243.84
0805 426.72 243.84
0905 487.68 243.84
1005 548.64 243.84
0106 0 304.8
0206 60.96 304.8
0306 121.92 304.8
0406 182.88 304.8
0506 243.84 304.8
0606 304.8 304.8
0706 365.76 304.8
0806 426.72 304.8
0906 487.68 304.8
1006 548.64 304.8
0107 0 365.76
0207 60.96 365.76
0307 121.92 365.76
0407 182.88 365.76
0507 243.84 365.76
0607 304.8 365.76
0707 365.76 365.76
0807 426.72 365.76
0907 487.68 365.76
1007 548.64 365.76
0108 0 426.72
0208 60.96 426.72
0308 121.92 426.72
0408 182.88 426.72
0508 243.84 426.72
0608 304.8 426.72
0708 365.76 426.72
0808 426.72 426.72
0908 487.68 426.72
1008 548.64 426.72
0109 0 487.68
0209 60.96 487.68
0309 121.92 487.68
0409 182.88 487.68
0509 243.84 487.68
0609 304.8 487.68
0709 365.76 487.68
0809 426.72 487.68
0909 487.68 487.68
1009 548.64 487.68
0110 0 548.64
0210 60.96 548.64
0310 121.92 548.64
0410 182.88 548.64
0510 243.84 548.64
0610 304.8 548.64
0710 365.76 548.64
0810 426.72 548.64
0910 487.68 548.64
1010 548.64 548.64
